service_id,monday,tuesday,wednesday,thursday,friday,saturday,sunday,start_date,end_date
JANV2026-10-Semaine-01-10,1,1,1,1,1,0,0,20260107,20260306
JANV2026-17-L-Ma-J-V-35-17,1,1,0,1,1,0,0,20260107,20260306
JANV2026-L3-Semaine-09-L3,1,1,1,1,1,0,0,20260107,20260305
PROJET2025-22-Semaine-22-1101100-22,1,1,0,1,1,0,0,20260107,20260306
PROJET2025-19-Semaine-23-1101100-19,1,1,0,1,1,0,0,20260107,20260306
PROJET2026-80-Semaine-95-80,1,1,1,1,1,0,0,20260107,20260306
PROJET2025-63-Semaine-65-1101100-63,1,1,0,1,1,0,0,20260107,20260306
JANV2026-L2-Semaine-09-L2,1,1,1,1,1,0,0,20260107,20260305
PROJET2024-NVence2-Semaine-12-NVN2,1,1,1,1,1,0,0,20260107,20260306
JANV2026-B-Semaine-03-B,1,1,1,1,1,0,0,20260107,20260305
JANV2026-81-Semaine-42-81,1,1,1,1,1,0,0,20260107,20260306
PROJETS-NV30-Semaine-01-NV30,1,1,1,1,1,0,0,20260107,20260306
JANV2026-33-L-Ma-J-V-37-33,1,1,0,1,1,0,0,20260107,20260306
PROJET2024-ISO-Semaine-02-1111000-ISO,1,1,1,1,0,0,0,20260107,20260305
JANV2026-L1-Semaine-07-L1,1,1,1,1,1,0,0,20260107,20260305
PROJET2025-61-Semaine-29-61,1,1,1,1,1,0,0,20260107,20260306
JANV2026-15-Semaine-42-15,1,1,1,1,1,0,0,20260107,20260306
PROJET2025-09-Semaine-35-09,1,1,1,1,1,0,0,20260107,20260306
PROJET2024-68-Semaine-15-68,1,1,1,1,1,0,0,20260107,20260306
JANV2026-05-L-Ma-J-V-39-05,1,1,0,1,1,0,0,20260107,20260306
JANV2026-12-Semaine-06-12,1,1,1,1,1,0,0,20260107,20260306
JANV2026-16-Semaine-36-16,1,1,1,1,1,0,0,20260107,20260306
PROJET2024-NVence1-Semaine-15-NVN1,1,1,1,1,1,0,0,20260107,20260306
PROJET2025-NIsola-Semaine-26-NIso,1,1,1,1,1,0,0,20260107,20260227
JANV2026-37-Semaine-37-37,1,1,1,1,1,0,0,20260107,20260306
PROJET2025-54-Semaine-21-54,1,1,1,1,1,0,0,20260107,20260306
JANV2026-06-Semaine-01-06,1,1,1,1,1,0,0,20260107,20260306
JANV2026-57-Semaine-08-57,1,1,1,1,1,0,0,20260107,20260306
PROJET2025-44-Semaine-89-44,1,1,1,1,1,0,0,20260107,20260306
JANV2026-98-Semaine-08-98,1,1,1,1,1,0,0,20260107,20260306
PROJET2025-60-Semaine-08-60,1,1,1,1,1,0,0,20260107,20260306
PROJET2026-84-Semaine-05-84,1,1,1,1,1,0,0,20260107,20260306
JANV2026-20-Semaine-44-20,1,1,1,1,1,0,0,20260107,20260306
JANV2026-32-Semaine-34-32,1,1,1,1,1,0,0,20260107,20260306
JANV2026-38-Semaine-43-38,1,1,1,1,1,0,0,20260107,20260306
JANV2026-70-Semaine-35-70,1,1,1,1,1,0,0,20260107,20260306
PROJET2024-72-Semaine-74-72,1,1,1,1,1,0,0,20260107,20260306
PROJET2025-59-Semaine-28-59,1,1,1,1,1,0,0,20260107,20260306
PROJET2024-C32-Lun-Sam-03-1111100-C32,1,1,1,1,1,0,0,20260107,20260306
PROJET2025-CN-Semaine-08-CN,1,1,1,1,1,0,0,20260107,20260306
PROJET2026-51-Semaine-10-51,1,1,1,1,1,0,0,20260107,20260306
JANV2026-35-Semaine-35-35,1,1,1,1,1,0,0,20260107,20260306
PROJET2025-47-Semaine-10-47,1,1,1,1,1,0,0,20260107,20260306
PROJET2026-R-Semaine-19-1101000-R,1,1,0,1,0,0,0,20260107,20260305
JANV2026-07-L-Ma-J-V-42-07,1,1,0,1,1,0,0,20260107,20260306
JANV2026-36-Semaine-34-36,1,1,1,1,1,0,0,20260107,20260306
JANV2026-99-Semaine-12-99,1,1,1,1,1,0,0,20260107,20260306
PROJET2025-41-Semaine-05-41,1,1,1,1,1,0,0,20260107,20260306
PROJET2026-76-Semaine-92-1110100-76,1,1,1,0,1,0,0,20260107,20260306
PROJET2025-69-Semaine-15-69,1,1,1,1,1,0,0,20260107,20260306
JANV2026-11-Semaine-38-11,1,1,1,1,1,0,0,20260107,20260306
PROJET2023-89-Semaine-04-89,1,1,1,1,1,0,0,20260107,20260306
PROJET2024-75-Semaine-86-1101100-75,1,1,0,1,1,0,0,20260107,20260306
PROJET2026-52-Semaine-20-52,1,1,1,1,1,0,0,20260107,20260306
PROJET2025-58-Semaine-08-58,1,1,1,1,1,0,0,20260107,20260306
PROJET2025-40-Semaine-05-40,1,1,1,1,1,0,0,20260107,20260306
PROJET2025-85-Semaine-06-1101100-85,1,1,0,1,1,0,0,20260107,20260306
JANV2026-21-Semaine-43-21,1,1,1,1,1,0,0,20260107,20260306
PROJET2025-73-Semaine-22-73,1,1,1,1,1,0,0,20260107,20260227
JANV2026-18-Semaine-40-18,1,1,1,1,1,0,0,20260107,20260306
PROJET2025-FOOT-Semaine-03-FOOT,1,1,1,1,1,0,0,20260107,20260306
PROJET2026-34-L-Ma-J-V-23-34,1,1,0,1,1,0,0,20260107,20260306
PROJET2024-NavAur-Semaine-02-NAur,1,1,1,1,1,0,0,20260107,20260306
PROJET2024-88-Semaine-83-1101100-88,1,1,0,1,1,0,0,20260107,20260306
PROJET2026-50-Semaine-08-50,1,1,1,1,1,0,0,20260107,20260306
PROJET2025-42-Semaine-85-42,1,1,1,1,1,0,0,20260107,20260306
PROJET2025-71-Semaine-80-71,1,1,1,1,1,0,0,20260107,20260306
PROJET2025-67-Semaine-08-1101100-67,1,1,0,1,1,0,0,20260107,20260306
JANV2026-64-Semaine-38-64,1,1,1,1,1,0,0,20260107,20260306
PROJET2025-62-Semaine-17-62,1,1,1,1,1,0,0,20260107,20260306
PROJET2025-55-Semaine-09-55,1,1,1,1,1,0,0,20260107,20260306
PROJET2026-31-Semaine-08-31,1,1,1,1,1,0,0,20260107,20260306
PROJET2026-83-Semaine-05-83,1,1,1,1,1,0,0,20260107,20260306
PROJET2025-NVence3-Semaine-12-NVN3,1,1,1,1,1,0,0,20260107,20260306
JANV2026-66-Semaine-01-66,1,1,1,1,1,0,0,20260107,20260306
PROJET2026-82-Semaine-82-82,1,1,1,1,1,0,0,20260107,20260306
PROJET2025-86-Semaine-07-1101100-86,1,1,0,1,1,0,0,20260107,20260306
PROJET2026-75D-Semaine-08-75D,1,1,1,1,1,0,0,20260107,20260306
PROJET2026-C-L-Ma-J-V-05-C,1,1,0,1,1,0,0,20260107,20260306
PROJET2025-Exp3-Semaine-03-Exp3,1,1,1,1,1,0,0,20260107,20260306
PROJET2024-C44-Semaine-02-0100000-C44,0,1,0,0,0,0,0,20260107,20260303
PROJET2025-77-Semaine-05-1101100-77,1,1,0,1,1,0,0,20260107,20260306
JANV2026-CE-Semaine-32-CE,1,1,1,1,1,0,0,20260107,20260306
PROJET2025-90-Semaine-23-90,1,1,1,1,1,0,0,20260107,20260306
PROJET2024-C41-Semaine-03-0100000-C41,0,1,0,0,0,0,0,20260107,20260303
PROJET2026-Exp2-Semaine-14-Exp2,1,1,1,1,1,0,0,20260107,20260306
PROJET2025-39-Semaine-04-0101100-39,0,1,0,1,1,0,0,20260107,20260306
PROJET2025-93-Semaine-07-0100000-93,0,1,0,0,0,0,0,20260107,20260303
PROJET2025-49-Semaine-09-49,1,1,1,1,1,0,0,20260107,20260306
PROJET2024-COL-Semaine-02-COL,1,1,1,1,1,0,0,20260107,20260306
PROJET2024-C45-Semaine-03-0100000-C45,0,1,0,0,0,0,0,20260107,20260303
PROJET2025-Exp4-Semaine-04-Exp4,1,1,1,1,1,0,0,20260107,20260306
PROJET2026-V-L-Ma-J-V-06-V,1,1,0,1,1,0,0,20260107,20260306
PROJET2025-92-Semaine-23-92,1,1,1,1,1,0,0,20260107,20260306
PROJET2025-91-Semaine-31-0111100-91,0,1,1,1,1,0,0,20260107,20260306
PROJET2025-K-L-Ma-J-V-02-K,1,1,0,1,1,0,0,20260107,20260306
PROJET2024-AUR-Semaine-04-1111000-AUR,1,1,1,1,0,0,0,20260107,20260305
PROJET2024-C42-Semaine-03-C42,1,1,1,1,1,0,0,20260107,20260306
JANV2026-14-L-Ma-J-V-38-14,1,1,0,1,1,0,0,20260107,20260306
JANV2026-30-Semaine-33-30,1,1,1,1,1,0,0,20260107,20260306
JANV2026-08-Semaine-07-08,1,1,1,1,1,0,0,20260107,20260306
JANV2026-14-Mercredi-38-14,0,0,1,0,0,0,0,20260107,20260304
JANV2026-14-Dimanche-36-14,0,0,0,0,0,0,1,20260111,20260308
JANV2026-14-Samedi-36-14,0,0,0,0,0,1,0,20260110,20260307
JANV2026-30-Dimanche-33-30,0,0,0,0,0,0,1,20260111,20260308
JANV2026-30-Samedi-32-30,0,0,0,0,0,1,0,20260110,20260307
JANV2026-08-Dimanche-04-08,0,0,0,0,0,0,1,20260111,20260308
JANV2026-08-Samedi-05-08,0,0,0,0,0,1,0,20260110,20260307
chouette:TimeTable:33c75b61-29d2-4ba4-803f-48c636b41303:LOC,1,0,0,0,0,0,0,20260112,20260308
chouette:TimeTable:747406fc-e2f8-47c7-a6c2-b0251a86d0ff:LOC,0,1,1,1,1,1,0,20260107,20260307
JANV2026-L3-Samedi-04-L3,0,0,0,0,0,1,0,20260110,20260307
JANV2026-L3-Dimanche-04-L3,0,0,0,0,0,0,1,20260111,20260308
JANV2026-L3-Semaine-10-L3,1,1,1,1,1,0,0,20260109,20260306
chouette:TimeTable:b53d44c6-0600-4bff-befb-e9c7a53a42a6:LOC,0,1,1,1,1,1,0,20260110,20260307
PVS2025-26-L3-Semaine-12-L3,1,1,1,1,1,0,0,20260216,20260226
chouette:TimeTable:73280d41-c22d-44cc-af6e-7ceffa0dc552:LOC,0,1,1,1,1,1,0,20260110,20260307
chouette:TimeTable:eb29206a-a83b-48bf-b2c7-548138d5d06e:LOC,0,1,1,1,1,1,0,20260107,20260306
chouette:TimeTable:530d7513-62db-4e0c-8c95-64eb7b7b233a:LOC,0,1,1,1,1,1,0,20260217,20260227
chouette:TimeTable:1ef73200-969f-4bfc-8a4e-7ed228c5d9a7:LOC,1,0,0,0,0,0,0,20260112,20260308
PROJET2025-22-Mercredi-21-22,0,0,1,0,0,0,0,20260107,20260304
PROJET2025-22-Semaine-23-22,1,1,1,1,1,0,0,20260216,20260227
PROJET2025-22-Samedi-20-22,0,0,0,0,0,1,0,20260110,20260307
PROJET2025-22-Dimanche-20-22,0,0,0,0,0,0,1,20260111,20260308
PROJET2025-19-Samedi-23-19,0,0,0,0,0,1,0,20260110,20260307
PROJET2025-19-Mercredi-23-19,0,0,1,0,0,0,0,20260107,20260304
PROJET2025-19-Dimanche-23-19,0,0,0,0,0,0,1,20260111,20260308
PROJET2025-19-Semaine-24-19,1,1,1,1,1,0,0,20260216,20260227
PROJET2026-80-Semaine-97-80,1,1,1,1,1,0,0,20260216,20260227
PROJET2026-80-Samedi-04-80,0,0,0,0,0,1,0,20260110,20260307
PROJET2025-63-Samedi-61-63,0,0,0,0,0,1,0,20260110,20260307
PROJET2025-63-Semaine-67-63,1,1,1,1,1,0,0,20260216,20260227
PROJET2025-63-Dimanche-61-63,0,0,0,0,0,0,1,20260111,20260308
PROJET2025-63-Mercredi-66-63,0,0,1,0,0,0,0,20260107,20260304
JANV2026-L2-Dimanche-04-L2,0,0,0,0,0,0,1,20260111,20260308
PVS2025-26-L2-Semaine-12-L2,1,1,1,1,1,0,0,20260216,20260226
JANV2026-L2-Semaine-10-L2,1,1,1,1,1,0,0,20260109,20260306
JANV2026-L2-Samedi-04-L2,0,0,0,0,0,1,0,20260110,20260307
chouette:TimeTable:0da6e611-362a-41b1-8319-6b530c458181:LOC,0,1,1,1,1,1,0,20260110,20260307
PROJET2024-NVence2-Samedi-12-NVN2,0,0,0,0,0,1,0,20260110,20260307
JANV2026-B-Dimanche-04-B,0,0,0,0,0,0,1,20260111,20260308
JANV2026-B-Samedi-04-B,0,0,0,0,0,1,0,20260110,20260307
PVS2025-26-B-Semaine-12-B,1,1,1,1,1,0,0,20260216,20260226
chouette:TimeTable:b7690495-9fee-48fa-a091-523b9e67705f:LOC,0,1,1,1,1,1,0,20260217,20260227
JANV2026-B-Semaine-10-B,1,1,1,1,1,0,0,20260109,20260306
chouette:TimeTable:f3521a8c-7035-4faf-8457-ce080d9f2634:LOC,0,1,1,1,1,1,0,20260107,20260306
chouette:TimeTable:5d4c0dd5-f0f3-466b-b844-c09a8be82ea5:LOC,1,0,0,0,0,0,0,20260112,20260308
JANV2026-L1-Samedi-46-L1,0,0,0,0,0,1,0,20260110,20260307
JANV2026-81-Samedi-35-81,0,0,0,0,0,1,0,20260110,20260307
JANV2026-81-Dimanche-36-81,0,0,0,0,0,0,1,20260111,20260308
PROJETS-NV30-Samedi-01-NV30,0,0,0,0,0,1,0,20260110,20260307
JANV2026-33-Mercredi-37-33,0,0,1,0,0,0,0,20260107,20260304
JANV2026-33-Samedi-34-33,0,0,0,0,0,1,0,20260110,20260307
JANV2026-33-Dimanche-34-33,0,0,0,0,0,0,1,20260111,20260308
PROJET2024-ISO-Samedi-04-ISO,0,0,0,0,0,1,0,20260110,20260307
PROJET2024-ISO-Dimanche-05-ISO,0,0,0,0,0,0,1,20260111,20260308
PROJET2024-ISO-Semaine-03-0000100-ISO,0,0,0,0,1,0,0,20260109,20260306
JANV2026-L1-Semaine-08-L1,1,1,1,1,1,0,0,20260109,20260306
JANV2026-L1-Dimanche-58-L1,0,0,0,0,0,0,1,20260111,20260308
PVS2025-26-L1-Semaine-43-L1,1,1,1,1,1,0,0,20260216,20260226
chouette:TimeTable:ce4a5542-03ff-4bda-bbaf-11ebc617e337:LOC,1,0,0,0,0,0,0,20260112,20260308
chouette:TimeTable:200b2f97-4f42-4414-ad33-4f78661e2d24:LOC,0,1,1,1,1,1,0,20260110,20260307
chouette:TimeTable:9d1d0703-9fd4-4e3d-8be6-42450512a8c4:LOC,0,1,1,1,1,1,0,20260107,20260306
chouette:TimeTable:526173e5-8b71-4dfe-ba77-e9a7c8866d1f:LOC,0,1,1,1,1,1,0,20260217,20260227
JANV2026-10-Samedi-01-10,0,0,0,0,0,1,0,20260110,20260307
JANV2026-10-Dimanche-01-10,0,0,0,0,0,0,1,20260111,20260308
chouette:TimeTable:530d504b-2227-46c5-b8c0-662b73686de8:LOC,0,1,1,1,1,1,0,20260107,20260307
chouette:TimeTable:18451c94-4d3c-433d-8ff4-86b13760619f:LOC,1,0,0,0,0,0,0,20260112,20260308
PROJET2025-61-Dimanche-28-61,0,0,0,0,0,0,1,20260111,20260308
PROJET2025-61-Samedi-28-61,0,0,0,0,0,1,0,20260110,20260307
PROJET2025-61-Semaine-30-61,1,1,1,1,1,0,0,20260216,20260227
JANV2026-15-Dimanche-39-15,0,0,0,0,0,0,1,20260111,20260308
JANV2026-15-Samedi-40-15,0,0,0,0,0,1,0,20260110,20260307
PROJET2025-09-Samedi-35-09,0,0,0,0,0,1,0,20260110,20260307
PROJET2025-09-Dimanche-16-09,0,0,0,0,0,0,1,20260111,20260201
PROJET2025-09-Dimanche-15-09,0,0,0,0,0,0,1,20260208,20260308
JANV2026-05-Samedi-35-05,0,0,0,0,0,1,0,20260110,20260307
JANV2026-05-Mercredi-39-05,0,0,1,0,0,0,0,20260107,20260304
JANV2026-05-Dimanche-34-05,0,0,0,0,0,0,1,20260111,20260308
chouette:TimeTable:81c7be3a-4614-47bb-9bf2-d1b3ed5bf9dc:LOC,0,0,0,1,0,0,0,20260108,20260305
chouette:TimeTable:9e7ce5df-700d-4a70-902b-230efccd9f08:LOC,1,0,0,0,0,0,0,20260112,20260308
chouette:TimeTable:d2c2fae1-606f-47cd-bb93-121753027e97:LOC,0,1,1,0,1,1,0,20260107,20260307
JANV2026-12-Samedi-03-12,0,0,0,0,0,1,0,20260110,20260307
JANV2026-12-Dimanche-06-12,0,0,0,0,0,0,1,20260111,20260308
chouette:TimeTable:8882aeca-f0ca-46e6-917a-13fe9d2bf5fd:LOC,0,1,1,1,1,1,0,20260107,20260307
chouette:TimeTable:04e8624e-86a3-4a1b-ba39-29c22eacba94:LOC,1,0,0,0,0,0,0,20260112,20260308
JANV2026-16-Dimanche-33-16,0,0,0,0,0,0,1,20260111,20260308
JANV2026-16-Samedi-33-16,0,0,0,0,0,1,0,20260110,20260307
PROJET2025-NIsola-Samedi-26-NIso,0,0,0,0,0,1,0,20260110,20260307
PROJET2025-NIsola-Dimanche-26-NIso,0,0,0,0,0,0,1,20260111,20260308
PROJET2025-NIsola-Semaine-21-0010000-NIso,0,0,1,0,0,0,0,20260114,20260304
PROJET2025-NIsola-Semaine-20-1101100-NIso,1,1,0,1,1,0,0,20260112,20260306
PROJET2025-NIsola-Semaine-21-NIso,1,1,1,1,1,0,0,20260114,20260304
JANV2026-37-Samedi-34-37,0,0,0,0,0,1,0,20260110,20260307
PROJET2025-54-Samedi-14-54,0,0,0,0,0,1,0,20260110,20260307
PROJET2025-54-Dimanche-14-54,0,0,0,0,0,0,1,20260111,20260308
JANV2026-06-Samedi-01-06,0,0,0,0,0,1,0,20260110,20260307
JANV2026-06-Dimanche-01-06,0,0,0,0,0,0,1,20260111,20260308
chouette:TimeTable:0fef262d-4f40-4e67-a57d-2c93586ed6a7:LOC,1,0,0,0,0,0,0,20260112,20260308
chouette:TimeTable:8184f8bf-5d13-4787-9d7d-3ca2605dedb5:LOC,0,1,1,1,1,1,0,20260107,20260307
JANV2026-57-Dimanche-06-57,0,0,0,0,0,0,1,20260111,20260308
JANV2026-57-Samedi-06-57,0,0,0,0,0,1,0,20260110,20260307
chouette:TimeTable:09bdc51a-99de-4e15-a92a-2e1207591714:LOC,1,0,0,0,0,0,0,20260112,20260308
chouette:TimeTable:23d4ea45-30c1-4233-9941-7bb190ce4cca:LOC,0,1,1,1,1,1,0,20260107,20260307
PROJET2025-44-Dimanche-89-44,0,0,0,0,0,0,1,20260111,20260308
PROJET2025-44-Samedi-89-44,0,0,0,0,0,1,0,20260110,20260307
JANV2026-98-Dimanche-06-98,0,0,0,0,0,0,1,20260111,20260308
JANV2026-98-Samedi-08-98,0,0,0,0,0,1,0,20260110,20260307
PROJET2025-60-Dimanche-07-60,0,0,0,0,0,0,1,20260111,20260308
PROJET2025-60-Samedi-07-60,0,0,0,0,0,1,0,20260110,20260307
JANV2026-17-Samedi-36-17,0,0,0,0,0,1,0,20260110,20260307
JANV2026-17-Mercredi-35-17,0,0,1,0,0,0,0,20260107,20260304
JANV2026-17-Dimanche-36-17,0,0,0,0,0,0,1,20260111,20260308
PROJET2026-84-Samedi-05-84,0,0,0,0,0,1,0,20260110,20260307
JANV2026-20-Samedi-37-20,0,0,0,0,0,1,0,20260110,20260307
JANV2026-20-Dimanche-41-20,0,0,0,0,0,0,1,20260111,20260308
JANV2026-32-Dimanche-34-32,0,0,0,0,0,0,1,20260111,20260308
JANV2026-32-Samedi-34-32,0,0,0,0,0,1,0,20260110,20260307
JANV2026-38-Samedi-41-38,0,0,0,0,0,1,0,20260110,20260307
JANV2026-38-Dimanche-40-38,0,0,0,0,0,0,1,20260111,20260308
JANV2026-70-Dimanche-34-70,0,0,0,0,0,0,1,20260111,20260308
JANV2026-70-Samedi-34-70,0,0,0,0,0,1,0,20260110,20260307
PROJET2024-72-Samedi-74-72,0,0,0,0,0,1,0,20260110,20260307
PROJET2024-72-Dimanche-74-72,0,0,0,0,0,0,1,20260111,20260308
PROJET2025-59-Samedi-66-59,0,0,0,0,0,1,0,20260110,20260307
PROJET2025-59-Dimanche-66-59,0,0,0,0,0,0,1,20260111,20260308
PROJET2026-51-Samedi-10-51,0,0,0,0,0,1,0,20260110,20260307
PROJET2026-51-Semaine-13-51,1,1,1,1,1,0,0,20260216,20260227
PROJET2026-51-Dimanche-10-51,0,0,0,0,0,0,1,20260111,20260308
JANV2026-35-Samedi-36-35,0,0,0,0,0,1,0,20260110,20260307
JANV2026-35-Dimanche-34-35,0,0,0,0,0,0,1,20260111,20260308
PROJET2025-41-Semaine-06-41,1,1,1,1,1,0,0,20260216,20260227
PROJET2025-47-Semaine-11-47,1,1,1,1,1,0,0,20260216,20260227
PROJET2025-47-Mercredi-11-47,0,0,1,0,0,0,0,20260107,20260304
PROJET2025-47-Samedi-10-47,0,0,0,0,0,1,0,20260110,20260307
PROJET2026-R-Mercredi-18-R,0,0,1,0,0,0,0,20260107,20260304
PROJET2026-R-Semaine-20-0000100-R,0,0,0,0,1,0,0,20260109,20260306
JANV2026-07-Mercredi-42-07,0,0,1,0,0,0,0,20260107,20260304
JANV2026-07-Samedi-37-07,0,0,0,0,0,1,0,20260110,20260307
JANV2026-07-Dimanche-38-07,0,0,0,0,0,0,1,20260111,20260308
chouette:TimeTable:b255eb5e-1878-4104-93cf-359b6bce1943:LOC,1,0,0,0,0,0,0,20260112,20260308
chouette:TimeTable:6ebc9520-17f0-45b5-881e-124138519994:LOC,0,1,1,0,1,1,0,20260107,20260307
chouette:TimeTable:622ca095-3462-4df6-b24a-4e11c5cb506e:LOC,0,0,0,1,0,0,0,20260108,20260305
JANV2026-36-Samedi-33-36,0,0,0,0,0,1,0,20260110,20260307
PROJET2025-41-Samedi-05-41,0,0,0,0,0,1,0,20260110,20260307
PROJET2026-76-Semaine-93-0010000-76,0,0,1,0,0,0,0,20260107,20260304
PROJET2026-76-Semaine-94-76,1,1,1,1,1,0,0,20260216,20260227
PROJET2026-76-Dimanche-68-76,0,0,0,0,0,0,1,20260111,20260308
PROJET2026-76-Samedi-90-76,0,0,0,0,0,1,0,20260110,20260307
PROJET2025-69-Samedi-11-69,0,0,0,0,0,1,0,20260110,20260307
PROJET2026-43-Semaine-20-43,1,1,1,1,1,0,0,20260216,20260227
PROJET2026-43-Semaine-18-1101000-43,1,1,0,1,0,0,0,20260108,20260305
PROJET2026-43-Semaine-19-0000100-43,0,0,0,0,1,0,0,20260109,20260306
PROJET2026-43-Mercredi-18-43,0,0,1,0,0,0,0,20260107,20260304
JANV2026-11-Samedi-37-11,0,0,0,0,0,1,0,20260110,20260307
JANV2026-11-Dimanche-39-11,0,0,0,0,0,0,1,20260111,20260308
PROJET2024-75-Semaine-88-75,1,1,1,1,1,0,0,20260216,20260227
PROJET2024-75-Mercredi-87-75,0,0,1,0,0,0,0,20260107,20260304
PROJET2024-75-Samedi-77-75,0,0,0,0,0,1,0,20260110,20260307
PROJET2024-75-Dimanche-69-75,0,0,0,0,0,0,1,20260111,20260308
PROJET2026-52-Samedi-20-52,0,0,0,0,0,1,0,20260110,20260307
PROJET2025-85-Mercredi-06-85,0,0,1,0,0,0,0,20260107,20260304
JANV2026-21-Dimanche-38-21,0,0,0,0,0,0,1,20260111,20260308
JANV2026-21-Samedi-36-21,0,0,0,0,0,1,0,20260110,20260307
PROJET2025-73-Dimanche-21-73,0,0,0,0,0,0,1,20260111,20260301
PROJET2025-73-Samedi-21-73,0,0,0,0,0,1,0,20260110,20260228
PROJET2025-42-Samedi-09-42,0,0,0,0,0,1,0,20260110,20260307
JANV2026-18-Samedi-39-18,0,0,0,0,0,1,0,20260110,20260307
JANV2026-18-Dimanche-43-18,0,0,0,0,0,0,1,20260111,20260308
PROJET2026-34-Samedi-23-34,0,0,0,0,0,1,0,20260110,20260307
PROJET2026-34-Semaine-23-34,1,1,1,1,1,0,0,20260216,20260227
PROJET2026-34-Mercredi-23-34,0,0,1,0,0,0,0,20260107,20260304
PROJET2024-NavAur-Samedi-02-NAur,0,0,0,0,0,1,0,20260110,20260307
PROJET2024-NavAur-Dimanche-02-NAur,0,0,0,0,0,0,1,20260111,20260308
PROJET2024-88-Samedi-83-88,0,0,0,0,0,1,0,20260110,20260307
PROJET2024-88-Semaine-84-88,1,1,1,1,1,0,0,20260216,20260227
PROJET2024-88-Mercredi-85-88,0,0,1,0,0,0,0,20260107,20260304
JANV2026-64-Samedi-37-64,0,0,0,0,0,1,0,20260110,20260307
JANV2026-64-Dimanche-36-64,0,0,0,0,0,0,1,20260111,20260308
PROJET2024-88-Dimanche-77-88,0,0,0,0,0,0,1,20260111,20260308
PROJET2026-50-Samedi-08-50,0,0,0,0,0,1,0,20260110,20260307
PROJET2026-50-Dimanche-08-50,0,0,0,0,0,0,1,20260111,20260308
PROJET2026-50-Semaine-07-50,1,1,1,1,1,0,0,20260216,20260227
PROJET2025-71-Dimanche-76-71,0,0,0,0,0,0,1,20260111,20260308
PROJET2025-71-Samedi-81-71,0,0,0,0,0,1,0,20260110,20260307
PROJET2024-NVence1-Samedi-15-NVN1,0,0,0,0,0,1,0,20260110,20260307
PROJET2025-67-Mercredi-08-67,0,0,1,0,0,0,0,20260107,20260304
JANV2026-99-Samedi-12-99,0,0,0,0,0,1,0,20260110,20260307
PROJET2025-62-Samedi-10-62,0,0,0,0,0,1,0,20260110,20260307
PROJET2025-62-Dimanche-10-62,0,0,0,0,0,0,1,20260111,20260308
PROJET2025-55-Samedi-10-55,0,0,0,0,0,1,0,20260110,20260307
PROJET2025-55-Dimanche-06-55,0,0,0,0,0,0,1,20260111,20260308
PROJET2026-31-Samedi-02-31,0,0,0,0,0,1,0,20260110,20260307
PROJET2026-83-Dimanche-05-83,0,0,0,0,0,0,1,20260111,20260308
PROJET2026-83-Samedi-05-83,0,0,0,0,0,1,0,20260110,20260307
PROJET2025-NVence3-Samedi-12-NVN3,0,0,0,0,0,1,0,20260110,20260307
PROJET2026-82-Dimanche-85-82,0,0,0,0,0,0,1,20260111,20260308
PROJET2026-82-Samedi-82-82,0,0,0,0,0,1,0,20260110,20260307
JANV2026-99-Dimanche-12-99,0,0,0,0,0,0,1,20260111,20260308
PROJET2025-FOOT-Samedi-03-FOOT,0,0,0,0,0,1,0,20260110,20260307
PROJET2025-FOOT-Dimanche-03-FOOT,0,0,0,0,0,0,1,20260111,20260308
PROJET2025-LIsola-Samedi-15-LIso,0,0,0,0,0,1,0,20260110,20260307
PROJET2025-LIsola-Dimanche-15-LIso,0,0,0,0,0,0,1,20260111,20260308
PROJET2025-LIsola-Semaine-15-LIso,1,1,1,1,1,0,0,20260216,20260227
PROJET2025-K-Mercredi-02-K,0,0,1,0,0,0,0,20260107,20260304
PROJET2025-86-Mercredi-07-86,0,0,1,0,0,0,0,20260107,20260304
PROJET2026-C-Mercredi-05-C,0,0,1,0,0,0,0,20260107,20260304
PROJET2025-77-Mercredi-05-77,0,0,1,0,0,0,0,20260107,20260304
PROJET2025-90-Dimanche-23-90,0,0,0,0,0,0,1,20260111,20260308
PROJET2025-90-Samedi-23-90,0,0,0,0,0,1,0,20260110,20260307
PROJET2025-AURON4-Semaine-12-AUR4,1,1,1,1,1,0,0,20260209,20260306
PROJET2025-AURON4-Samedi-12-AUR4,0,0,0,0,0,1,0,20260110,20260307
PROJET2025-AURON4-Dimanche-12-AUR4,0,0,0,0,0,0,1,20260111,20260308
PROJET2025-744-Lundi-07-744,1,0,0,0,0,0,0,20260112,20260302
PROJET2025-744-Vendredi-10-744,0,0,0,0,1,0,0,20260109,20260306
PROJET2025-39-Mercredi-01-39,0,0,1,0,0,0,0,20260107,20260304
PROJET2025-39-Samedi-03-39,0,0,0,0,0,1,0,20260110,20260307
PROJET2026-743-Lundi-08-743,1,0,0,0,0,0,0,20260112,20260302
PROJET2026-743-Vendredi-08-743,0,0,0,0,1,0,0,20260116,20260306
PROJET2025-93-Semaine-06-1011100-93,1,0,1,1,1,0,0,20260107,20260306
PROJET2025-93-Samedi-03-93,0,0,0,0,0,1,0,20260110,20260307
PROJET2024-C34-Dimanche-02-C34,0,0,0,0,0,0,1,20260111,20260308
PROJET2024-C34-Semaine-02-0000100-C34,0,0,0,0,1,0,0,20260109,20260306
PROJET2025-741-Vendredi-03-741,0,0,0,0,1,0,0,20260109,20260306
PROJET2025-741-Lundi-05-741,1,0,0,0,0,0,0,20260112,20260302
PROJET2024-COL-Samedi-02-COL,0,0,0,0,0,1,0,20260110,20260307
PROJET2024-COL-Dimanche-02-COL,0,0,0,0,0,0,1,20260111,20260308
PROJET2024-C45-Samedi-03-C45,0,0,0,0,0,1,0,20260110,20260307
PROJET2026-V-Mercredi-06-V,0,0,1,0,0,0,0,20260107,20260304
PROJET2025-92-Dimanche-23-92,0,0,0,0,0,0,1,20260111,20260308
PROJET2025-92-Samedi-23-92,0,0,0,0,0,1,0,20260110,20260307
PROJET2025-91-Semaine-30-1000000-91,1,0,0,0,0,0,0,20260112,20260302
PROJET2025-91-Semaine-29-91,1,1,1,1,1,0,0,20260217,20260227
PROJET2025-91-Samedi-28-91,0,0,0,0,0,1,0,20260110,20260307
PROJET2025-91-Dimanche-28-91,0,0,0,0,0,0,1,20260111,20260308
PROJET2024-AUR-Semaine-05-0000100-AUR,0,0,0,0,1,0,0,20260109,20260306
PROJET2024-AUR-Samedi-04-AUR,0,0,0,0,0,1,0,20260110,20260307
PROJET2024-AUR-Dimanche-04-AUR,0,0,0,0,0,0,1,20260111,20260308
PROJET2024-C32-Week-end-02-C32,0,0,0,0,0,1,1,20260110,20260308
PROJET2025-742-Lundi-06-742,1,0,0,0,0,0,0,20260112,20260302
PROJET2025-742-Vendredi-03-742,0,0,0,0,1,0,0,20260109,20260306
PROJET2024-C43-Semaine-02-1000000-C43,1,0,0,0,0,0,0,20260112,20260302
PROJET2025-NVBOR-Samedi-02-NBOR,0,0,0,0,0,1,0,20260207,20260307
PROJET2025-NVBOR-Dimanche-02-NBOR,0,0,0,0,0,0,1,20260208,20260308
PROJET2024-C36-Semaine-03-1000000-C36,1,0,0,0,0,0,0,20260107,20260304
PROJET2024-C40-Semaine-02-0001000-C40,0,0,0,1,0,0,0,20260108,20260305
PROJET2025-745-Lundi-02-745,1,0,0,0,0,0,0,20260112,20260302
